2 Color:

G.add_edges_from([ 
    (0, 1),
])

G.add_edges_from([ 
    (0, 1),
    (1, 2),
    (2, 3),
    (3, 0),
])

G.add_edges_from([ 
    (0, 1),
    (2, 3),
    (4, 5),
    (0, 3),
    (2, 1),
    (2, 5),
    (4, 3),
    (0, 5),
    (4, 1),
])

G.add_edges_from([ 
    (0, 2), 
    (0, 3), 
    (0, 4), 
    (1, 2), 
    (1, 3), 
    (1, 4),
    (5, 2), 
    (5, 3), 
    (5, 4), 
    (6, 2), 
    (6, 3), 
    (6, 4),
])

3 Color:
G.add_edges_from([ 
    (0, 1),
    (1, 2),
    (2, 0),
])

G.add_edges_from([ 
    (0, 1),
    (1, 2),
    (2, 3),
    (3, 0),
    (0, 2),
])

G.add_edges_from([ 
    (0, 1),
    (1, 2),
    (2, 3),
    (3, 4),
    (4, 5),
    (5, 0),
    (5, 1),
    (5, 3),
])

G.add_edges_from([ 
    (0, 1),
    (1, 2),
    (2, 3),
    (3, 4),
    (4, 5),
    (5, 0),
    (0, 2),
    (0, 4),
    (1, 3),
    (1, 5),
    (2, 4),
    (3, 5),
])

G.add_edges_from([ 
    (0, 1),
    (1, 2),
    (2, 3),
    (3, 4),
    (4, 0),
    (0, 5),
    (1, 6),
    (2, 7),
    (3, 8),
    (4, 9),
    (5, 7),
    (5, 8),
    (6, 8),
    (6, 9),
    (7, 9),
])

4 Color:
G.add_edges_from([ 
    (0, 1),
    (1, 2),
    (2, 3),
    (3, 0),
    (0, 2),
    (1, 3),
])

G.add_edges_from([ 
    (0, 1),
    (1, 2),
    (2, 3),
    (3, 4),
    (4, 5),
    (5, 6),
    (6, 0),
    (7, 0),
    (7, 1),
    (7, 2),
    (7, 3),
    (7, 4),
    (7, 5),
    (7, 6),
])

5 Color:
G.add_edges_from([ 
    (1, 0),
    (2, 0),
    (2, 1),
    (3, 0),
    (3, 1),
    (3, 2),
    (4, 0),
    (4, 1),
    (4, 2), 
    (4, 3),
])

6 Colors:
G.add_edges_from([ 
    (1, 0),
    (2, 0),
    (2, 1),
    (3, 0),
    (3, 1),
    (3, 2),
    (4, 0),
    (4, 1),
    (4, 2), 
    (4, 3),
    (5, 0),
    (5, 1),
    (5, 2), 
    (5, 3),
    (5, 4),
])